bio_passenger_1,bio_passenger_2,bio_passenger_3,bio_passenger_4,bio_passenger_captured
-0.014005709,0.002684737,-0.0000351,-0.003407868,-0.018115209
0.007972006,-0.000589625,-0.013868298,0.00678362,0.012693031
0.006821495,0.019536776,0.011551896,0.004254349,0.004258425
0.019189278,0.017109787,-0.002114711,0.003233453,0.009006746
-0.010785632,-0.003279039,0.022494506,0.010805624,-0.010206628
0.0018209,0.002845856,-0.005676129,-0.01250188,0.008699573
-0.018770361,-0.006958268,-0.020073706,-0.003769529,-0.016825601
0.002270723,0.002252312,0.01237043,0.002911424,-0.003699146
0.029346136,0.008117102,-0.000845073,-0.001634341,0.018594593
-0.002406626,0.000581711,-0.005022533,0.003812946,-0.002156678
0.01380456,-0.010926305,-0.012379555,-0.005994473,0.025607258
0.004469267,-0.014436167,0.028876819,0.004663636,0.001132988
-0.01549896,-0.001683683,-0.011538795,-0.002338861,-0.018999122
0.005306885,0.000310926,0.006123569,-0.0000374,0.007959532
0.016454838,-0.000156053,0.009688178,0.004657436,0.016117113
0.003738007,0.016382137,0.018673725,0.011206325,0.00260075
0.035550684,0.015339375,-0.006513834,0.001035007,0.03243934
0.001030162,0.022270044,0.025875686,0.015890632,0.002352846
-0.008586232,0.000423862,-0.010480048,-0.010573083,-0.007119562
0.008191576,-0.004240715,-0.035353787,-0.000486604,0.003797617
-0.0000699,0.025253633,0.013621368,0.014394104,-0.005104607
-0.041990012,-0.001020425,0.018717756,-0.009884637,-0.042220794
0.004002758,0.001035506,-0.005649808,-0.005847719,0.003819997
0.008566132,-0.002486747,0.002535701,-0.00527771,-0.002311321
-0.017573711,0.012486451,0.012913165,0.00888969,-0.020753367
-0.017628834,-0.005960423,0.000006,0.001985413,-0.018518243
0.014813473,-0.003271408,-0.013399392,-0.015931398,0.012561328
-0.002173967,-0.037674535,0.032989837,0.016146962,0.004582732
0.00277666,0.039948892,-0.031830601,0.003831626,-0.003526889
0.014727479,-0.003706743,0.001710535,0.012516398,0.011832804
-0.023060953,0.007284999,-0.00826844,0.001426044,-0.023280611
-0.007406633,0.00969021,-0.009636368,-0.002752234,-0.003945385
0.006713148,0.018357851,0.000419366,-0.005473079,0.004207999
-0.023774542,0.001663906,-0.024255307,-0.017287567,-0.018149583
0.032038771,0.018970897,-0.014900725,0.015287876,0.024803439
0.02830858,0.011377372,0.005563579,-0.003343071,0.028312964
-0.050153743,-0.039943825,0.011799393,-0.007792316,-0.035905167
-0.036659103,-0.008642313,-0.012198907,-0.023040956,-0.030516213
0.001575482,-0.000232911,0.004980987,0.014948403,-8.06912E-05
0.021589899,-0.021235889,0.022755435,0.008374863,0.023024824
-0.00533086,-0.01320633,0.00139563,0.00669855,-0.00390519
-0.013817721,0.003217674,-0.007537666,-0.006692791,-0.002395236
0.014633696,-0.0000991,0.004221477,-0.006353812,0.020875668
-0.009394232,-0.001815331,-0.015679926,-0.013407776,-0.006810781
0.009545663,-0.000176297,0.014421592,0.01319663,0.003564037
-0.024895759,0.00162448,-0.020822305,-0.00283252,-0.033311363
0.01453595,0.005027031,0.005120114,-0.000626034,0.016424906
0.015889753,-0.01315114,0.00778547,-0.007638091,0.017123079
-0.025751641,-0.014816128,0.009288375,-0.003206892,-0.027263299
0.009033087,0.028312698,0.010340143,0.001644081,0.005566486
0.018095493,-0.027185008,0.003123078,0.003316757,0.023830233
-0.01412933,-0.003267826,-0.015546558,-0.005726775,-0.014581244
0.011559187,-0.027195316,-0.002195771,0.003605141,0.020769453
0.038828325,-0.003187413,0.026345532,0.00718424,0.041412272
0.002793696,-0.008660048,-0.002691145,0.007745977,0.000110882
0.043809991,0.015491744,-0.00105464,0.00579496,0.037916012
-0.028989188,0.002064699,-0.002686273,-0.008317756,-0.032859445
-0.022686198,0.002150952,-0.018336697,-0.008554747,-0.016355086
0.000998324,-0.002142751,0.015997719,0.01782457,-0.001281797
0.002101755,-0.016302614,-0.005439204,-0.017256001,0.003164593
0.034091853,-0.01930514,0.019041408,0.004200395,0.035806675
0.015366621,0.021598507,-0.055964295,-0.015582304,-0.001617881
-0.009809491,0.005724593,-0.007014979,-0.009170428,-0.002286805
0.029895604,-0.001826457,-0.027276659,-0.000595696,0.040095475
-0.017170051,-0.018029019,-0.004715555,-0.007151096,-0.021846138
-0.014327083,-0.02614866,0.003114572,-0.007755264,-0.017551344
0.005114603,0.029634601,-0.012282707,0.003168967,0.003475362
0.026118111,-0.024316296,0.013139386,-0.020404981,0.023114385
-0.042543635,-0.029213339,-0.013374386,-0.004229984,-0.037475407
0.001472533,0.000762455,0.009890985,-0.004130823,0.000129791
0.046709187,0.029193938,-0.013527181,0.004367874,0.043358125
0.027668651,-0.007558175,-0.017086904,-0.002967725,0.030860411
-0.008009834,0.002756647,0.026934663,-0.000547822,-0.00096693
-0.003675216,-0.021115655,0.025835983,-0.006383825,0.009341595
0.007033223,0.008094661,0.00076045,-0.000591842,0.007789677
-0.042788222,0.008301203,0.015742075,-0.015918298,-0.037311371
0.00936825,-0.005049398,0.037279185,0.022516213,0.009399929
-0.006013137,-0.015459365,0.022745591,-0.008697439,-0.002865947
0.004822435,-0.004789558,-0.013770495,-0.00324558,-0.001606807
-0.031197086,0.009466237,-0.02446476,-0.008232902,-0.030570416
0.010410808,0.026839865,0.011923626,0.014738108,0.007502157
0.01352996,-0.016919889,0.005997065,0.005131407,0.023139704
-0.015518981,-0.007501313,0.012121562,0.006471872,-0.013079562
-0.021146972,0.015503337,-0.007394532,-0.009772908,-0.023061691
-0.007667645,0.001279414,-0.002950869,0.014145018,-0.005998184
-0.041848991,0.0015503,0.033822801,-0.005957608,-0.030934887
-0.02855511,0.014684504,0.015163907,-0.005604258,-0.032802846
0.006892187,0.028202023,-0.017411508,0.005455486,0.004631603
0.019816926,-0.020895174,0.005025061,-0.008504169,0.026689785
0.011176799,-0.011587796,-0.011874411,-0.00155422,0.007659251
-0.021106528,-0.009524244,-0.011148082,-0.007709282,-0.012085083
-0.042930909,-0.00640932,0.009842224,-0.0000827,-0.035395566
0.011192877,0.016905816,-0.020851487,-0.009288794,-0.004500474
0.015798647,-0.009650292,0.015840493,0.009124673,0.024696819
-0.001059662,0.000912636,-0.009469901,0.005849181,-0.005984975
-0.000603098,0.013287653,-0.004010236,-0.015412734,0.000500366
-0.027811194,-0.007251433,-0.006932226,0.004327994,-0.023125676
0.003602027,0.018335244,-0.005341887,-0.009103702,-0.00259685
0.036931477,0.002072475,0.013784867,0.014125696,0.034532078
-0.01228729,-0.013464376,0.001381614,-0.001420744,-0.013103495
0.010984526,-0.0076064,0.002613423,-0.008049387,0.018697739
-0.003700665,-0.021027977,-0.011686615,0.014349606,-0.003101098
-0.018291537,0.034305319,-0.008312642,-0.002026278,-0.031588107
0.003083022,-0.002555871,-0.017195331,-0.011710084,0.013641724
0.052336261,-0.002922635,0.011371461,0.015288927,0.05155468
-0.026350707,-0.004701414,0.006058073,0.009076974,-0.023158753
0.00426233,0.016920716,-0.00643193,-0.011000394,0.006642407
-0.00773943,-0.028282586,0.012958012,-0.00143856,-0.01132445
0.014784832,-0.003740134,0.009147995,0.014014468,0.004371522
-0.0174652,-0.006363448,0.028063716,0.00802036,-0.013978713
-0.022681667,0.016192216,-0.008475058,0.000237743,-0.026028844
-0.020599831,-0.018496916,-0.001071623,-0.00997705,-0.021367749
0.021887574,-0.007326902,-0.009701879,0.002965822,0.016715355
-0.006099608,0.030536693,-0.004875272,0.006322178,-0.01113476
-0.015868323,0.01726022,-0.01210778,0.006126504,-0.016090479
-0.045845728,-0.009798972,-0.003409643,-0.006827544,-0.048724018
0.001335873,-0.00038141,0.017714271,0.012252732,-0.00187882
0.064050265,0.033289328,0.039907869,-0.001566645,0.058226481
-0.028455507,-0.005594066,0.014779622,-0.00736064,-0.021027619
0.024699233,-0.007861988,0.00732927,0.009189829,0.012125808
-0.020026609,0.007300862,0.014369352,-0.000718415,-0.01588314
0.003454659,0.02500478,-0.009267404,0.013916166,0.000749528
-0.057400975,0.010308567,-0.031696338,0.00432164,-0.056369059
-0.004220027,0.011296887,-0.029982816,0.006388945,-0.009827553
0.019601753,-0.012020872,0.058040623,0.017889671,0.024629073
0.054579977,0.003054586,0.013540046,-0.013345378,0.059830137
0.037903558,-0.01773677,0.021792548,-0.001038471,0.039692197
-0.012860751,0.023124654,-0.026366638,0.001794363,-0.016752917
-0.021055933,-0.007879453,0.003161313,0.000618732,-0.02193303
-0.011191315,0.019212784,0.003212454,-0.005703338,-0.016024681
-0.001634432,-0.0000495,-0.017020572,-0.004636414,-0.000743641
-0.004470397,0.012290086,-0.00209706,-0.004231168,-0.006974471
0.026605338,0.019194935,-0.009699184,0.00074607,0.015021783
-0.025986284,-0.008260076,0.025224714,-0.002972179,-0.035261974
-0.011026961,-0.011783022,0.027837994,0.013315223,-0.01281852
0.018505283,0.001542205,-0.003108348,-0.001299484,0.01837348
-0.016392674,0.013680783,0.008403931,-0.013542956,-0.020751871
0.011633242,-0.02136017,0.028978597,0.012010815,0.022778535
0.047260657,-0.019351235,0.010996347,0.001215786,0.038742222
-0.003641095,0.021388162,-0.039938435,-0.002178905,-0.001431593
0.011032663,0.015798202,0.030878233,0.010022243,0.003057489
0.005291525,-0.016952792,0.007411726,-0.001351729,0.004301511
-0.03672478,0.008901113,-0.012428666,0.005002308,-0.034476385
-0.044129513,-0.013062412,-0.017156355,0.003195958,-0.045372751
-0.022869106,-0.012836714,-0.000677396,-0.010230275,-0.02323607
0.007274841,-0.001032198,-0.001745799,-0.000575094,-0.003686763
-0.012285186,-0.010892548,0.009740389,0.005750907,-0.000967741
0.036662597,-0.021731481,0.030326599,0.016279481,0.043403439
0.005033789,-0.011796328,-0.006755058,-0.000374369,-0.002180442
-0.003275229,-0.00963987,-0.010258385,0.013874554,-0.008363136
0.019321673,0.014956967,0.006224269,-0.002654687,0.021143552
0.011377684,0.009039932,0.005509499,-0.015765758,0.006419135
-0.049959272,-0.031333897,-0.036409266,-0.016345916,-0.038757406
0.024695616,0.003721043,-0.006214647,0.006897251,0.013291197
0.060673036,0.012648616,-0.014945314,0.002919626,0.056164693
-0.004797029,-0.02303974,-0.004440631,-0.007418083,0.005813128
-0.025410665,-0.017206904,-0.055311404,-0.016026525,-0.021234782
0.007428666,0.029703185,-0.002426402,0.000102434,-0.002692667
-0.01287577,0.014900856,-0.001236192,-0.020621827,-0.013979281
0.006551312,0.008813907,0.012952972,0.008988746,0.013979435
0.02431575,-0.012882441,-0.012169257,-0.008543786,0.024341308
0.004632121,-0.005597528,-0.006388907,-0.006243036,0.00060708
0.01045989,-0.003915594,0.026031222,0.004472592,0.015307062
0.003482117,-0.012218059,0.02836635,0.003385725,0.002809747
-0.002398764,-0.003529481,-0.011151926,-0.003561858,0.001170209
-0.03775141,0.01542403,-0.034953024,0.006983213,-0.04758364
0.023245137,-0.009703,0.014573488,0.012001671,0.028906502
0.041197609,-0.012481323,0.002158331,-0.001827516,0.037901405
0.009856554,-0.012720693,0.000206922,-0.001358815,0.002383978
-0.050337717,-0.035214968,0.00727454,-0.020393196,-0.037293769
0.020247402,0.009460741,0.011481457,0.012209963,0.017489746
0.006188423,0.014166478,0.021346796,0.005481335,0.007287301
-0.024869237,-0.003540446,-0.012529697,-0.007641966,-0.028011413
-0.038725991,-0.001863014,-0.016494188,-0.020507731,-0.038772561
-0.006488689,0.013577643,0.005071269,0.002576687,-0.015487368
-0.038387157,-0.0091688,0.013864305,-0.010753905,-0.029204786
-0.023888733,0.024983371,-0.04553245,-0.005265881,-0.021908317
-0.014085913,0.011864436,0.010362151,0.001914391,-0.022164153
0.020175181,-0.001430183,0.001171974,-0.00306496,0.027686553
0.01901824,-0.007583599,-0.011601216,0.001569227,0.017563723
-0.014798192,0.005899374,0.047847878,0.014379917,-0.019720845
0.012955851,-0.030701481,0.029485082,-0.011898147,0.005880377
-0.017970001,0.010021987,0.013437897,0.00520369,-0.023557099
-0.004578863,0.039870419,0.027567299,0.011226913,-0.017597673
-0.020843597,-0.007160753,-0.01781523,-0.000741103,-0.013304467
0.02784414,-0.003324662,0.01785698,0.001581461,0.022273114
-0.010594882,-0.03691785,0.013481192,0.002677739,-0.001095222
0.011485347,-0.006071142,-0.002252016,-0.010949039,0.005909322
0.032777756,-0.010620955,0.024813481,0.002795484,0.033824489
-0.008168491,-0.012045231,0.002748864,-0.005173164,-0.008881977
-0.010793633,0.011254135,-0.046874464,-0.004643793,-0.019419447
-0.013236153,-0.014659177,-0.004704041,0.005812573,-0.007850908
-0.009901429,-0.018302716,0.010350369,-0.009004404,-0.010321761
0.005623078,0.000962895,0.015701288,-0.003024745,-0.004771386
0.001945217,-0.007567708,-0.018856576,-0.000946578,0.002967313
-0.052900292,0.044462521,-0.026604075,-0.00200736,-0.052448321
0.00337527,0.001715531,0.005207125,0.003958446,-0.000866835
-0.004642909,0.016141674,0.003086425,-0.007766587,-0.005249976
0.003006053,0.014743491,0.004262847,-0.004359782,0.000351121
-0.039530665,-0.01817899,-0.039727226,-0.009481452,-0.030583387
-0.001173894,-0.001564619,-0.006424682,-0.00155642,-0.000650984
-0.02332969,-0.014576978,-0.0272396,-0.003929548,-0.013546496
0.031197544,0.007452872,0.018626306,0.006350379,0.027078301
-0.036356691,0.01176131,0.011614909,0.006794499,-0.039160825
-0.006544829,0.020065486,-0.013323198,0.004416766,-0.014322554
0.00370082,0.012844617,-0.014504639,-0.00444366,-0.005256859
-0.042472374,0.016837506,0.002735885,-0.003088801,-0.050470009
-0.04125578,0.010859728,-0.018045966,-0.00751642,-0.040570963
-0.010662961,0.027118463,0.007765637,0.011975661,-0.021821029
-0.029764328,-0.008555694,0.006139735,-0.010575583,-0.033240709
-0.024698639,0.004054391,0.007304863,-0.004404845,-0.033109754
-0.015899953,0.013590106,0.03666047,0.008197314,-0.010995794
-0.001368626,-0.006170277,0.014277112,0.009757705,0.006214264
-0.026574189,0.001551352,-0.009926133,-0.006236633,-0.01706695
-0.034212634,-0.017351789,-0.034540154,-0.021426674,-0.027962504
-0.011197969,-0.020833408,-0.002189185,0.005350189,-0.016790703
-0.010195449,0.006930895,0.021573056,0.003505128,-0.014583661
0.022095354,-0.006436535,0.012474108,-0.001838199,0.029137384
0.006154582,0.005951732,0.014525725,0.01683351,0.002229119
0.019475248,-0.013540789,0.038708325,0.004614512,0.024194162
0.030932318,0.019114081,0.016339561,-0.005609355,0.02593594
-0.055766005,-0.012843502,0.006271069,-0.006742653,-0.050038379
0.028773924,-0.003296248,-0.006668809,0.003437184,0.02612805
0.008369808,-0.009454688,0.023175774,-0.000716451,0.018186178
-0.006411141,-0.017869066,0.038581461,-0.005523545,0.007902541
-0.025488222,-0.013041593,0.019003559,-0.000259477,-0.022990629
0.013094461,-0.009376279,-0.006010266,-0.006887292,0.014396159
-0.024758721,-0.034999624,-0.019784197,-0.019024018,-0.023517288
-0.008774186,-0.016334549,0.012585817,-0.001448604,-0.009444759
-0.012351798,0.022385582,0.015186934,0.001490405,-0.025388565
-0.004844547,0.007914312,-0.005185978,0.008807508,-0.007729487
0.030886943,-0.003559106,0.012465427,-0.002936031,0.033450574
-0.011930034,0.013940424,-0.06453944,-0.01508978,-0.019697165
-0.015427848,-0.000261962,-0.037873887,-0.006619691,-0.007032923
0.020940088,0.001358137,0.0000338,-0.003920662,0.01800406
0.014342677,0.031379711,0.00000259,-0.021295976,0.011192436
-0.007829053,0.011577197,0.00433128,-0.007412304,-0.015318309
0.027800733,-0.009132024,-0.008473329,-0.019315558,0.032307222
-0.005876579,0.006752021,0.005854216,-0.0077661,-0.006799214
0.011901341,-0.001223235,0.025466176,0.006386429,0.01338198
-0.055005733,-0.00023819,-0.009152609,-0.015917737,-0.043251175
-0.022975765,-0.011654325,0.023402251,-0.008248826,-0.023732988
0.026668698,0.006781942,0.004647266,0.001599583,0.019758318
0.018156728,0.003927672,0.011690059,0.004726674,0.019430738
0.001762692,-0.003937792,-0.020583767,0.01166843,0.003612709
-0.001929097,0.005308536,0.00932316,0.009498297,6.9054E-05
-0.011431062,0.01179753,-0.02743081,0.005330842,-0.004845902
-0.036171868,0.016480219,0.007446984,0.008848548,-0.037185736
-0.019050835,-0.01056673,-0.022920504,-0.008413055,-0.023439277
-0.014140051,0.020238822,-0.016185606,0.002317943,-0.009130419
0.009877346,0.005008108,-0.009024654,-0.000611911,0.015856175
-0.022688482,0.009996735,-0.021057557,-0.001399232,-0.013524647
0.020344904,-0.003095709,0.007520141,0.002947198,0.002472327
-0.024120821,0.00262419,-0.013019844,-0.010034692,-0.01506508
0.009539357,0.014527925,0.028242011,0.004810433,0.001728245
0.034483124,-0.005577317,0.03726393,0.008619428,0.029332845
0.01918935,-0.004036419,0.026376268,0.002379099,0.028897926
-0.020797903,0.007996884,-0.012424101,-0.000827651,-0.013986752
-0.017968914,0.014869484,-0.023395827,-0.01697986,-0.02734956
0.018416302,0.007118916,0.009492471,0.005103663,0.01583744
0.033567823,0.025221417,-0.030495973,0.008435721,0.02228469
-0.018793415,-0.011166665,-0.008169096,-0.00448984,-0.0118076
0.01117081,0.020635199,-0.026590053,0.008500379,0.00470205
0.043890987,0.038645264,0.002801368,-0.000718823,0.034835085
0.017563937,-0.026679592,0.005814546,-0.000594439,0.016156688
0.014792437,-0.001843259,0.007860476,-0.000691157,0.020004388
-0.003382342,0.004187149,0.027579937,0.002314007,-0.007743937
-0.039708637,0.005913613,-0.063093707,-0.018672075,-0.032435641
-0.024070375,0.001788932,0.010123002,0.0201838,-0.024131438
-0.03649947,-0.014038999,-0.013534303,-0.008642855,-0.031352203
-0.027686421,0.005046509,-0.016532825,-0.011377373,-0.025970478
0.000913188,-0.009268099,-0.010051183,0.006077782,0.004615109
-0.003648656,0.022532471,0.005742686,0.008076551,-0.01189173
-0.016745949,-0.003684316,0.004263528,-0.002307846,-0.014301456
-0.010196088,0.009168502,-0.02699255,-0.020137265,-0.005243376
-0.000801664,-0.006671587,0.018948458,0.002152493,-0.005450832
0.025812935,-0.002032726,0.008698672,0.008007848,0.020178324
0.020834675,-0.022664849,0.010053446,0.008905794,0.022710653
0.009531792,0.001610867,-0.000774416,-0.000841358,0.009991363
-0.006902866,-0.003843937,0.015481205,0.010351733,-0.004142489
0.027149461,-0.004676822,-0.013923449,0.013114884,0.024812706
-0.030164609,0.003056488,-0.004551945,-0.002209379,-0.019324373
-0.016420389,0.001279568,-0.024229916,0.008880692,-0.01642458
0.006037831,-0.00288721,-0.038673338,-0.001260198,0.004294282
0.030104952,0.004158929,0.011892726,0.010213176,0.027845662
-0.027737105,-0.008604327,-0.066379622,-0.006687642,-0.030990848
-0.014921676,-0.025163671,-0.005232254,-0.000441767,-0.019525385
0.017044669,0.000385112,0.014228229,0.015450467,0.022269916
-0.039174087,0.012442622,-0.037986957,-0.020026866,-0.031005656
0.02736146,-0.016937494,0.02463029,0.019268529,0.030596765
-0.012796006,0.02906866,0.006149741,-0.000457148,-0.016697524
-0.00014866,-0.010490157,0.008350807,0.004833284,0.015970636
0.009890181,0.005282076,-0.021992179,-0.006835819,0.008222174
-0.021169009,-0.004035227,-0.027467756,-0.017759701,-0.02057552
0.011046398,-0.004403651,0.016460871,0.004890503,0.017898694
0.019420389,0.017080434,-0.025702089,-0.005138262,0.015996737
-0.017976712,-0.001388059,-0.020501195,0.001265981,-0.013962533
0.009873928,0.002202665,0.01462741,0.012543991,0.006858614
0.004328492,0.018254386,-0.013354323,0.01419217,0.0048486
0.025132922,-0.047825933,0.028812544,-0.011781141,0.020383636
-0.005042564,0.007355174,0.015240597,0.00581511,-0.023526669
0.025164392,-0.006208063,-0.01170156,0.006938711,0.02005605
0.012047548,-0.020104872,-0.010459643,0.003663092,0.016194282
-0.003011144,-0.014193658,-0.000722336,-0.004653733,0.009612672
-0.025585536,-0.001054366,-0.004290999,-0.014129912,-0.0215107
0.011262525,0.017743271,-0.016280731,-0.0061919,0.001049941
0.002615271,-0.010073544,0.030789565,0.003227484,-0.00109635
-0.00689006,0.008822428,0.032902073,0.004182318,-0.007432695
-0.003713392,-0.002919693,0.029407479,0.001538728,-0.000895171
-0.028181324,-0.001095614,-0.017349241,-0.014632316,-0.024888244
0.028309386,0.003591248,0.001595907,-0.006737514,0.020452581
-0.008263616,-0.007675104,-0.009274003,0.002688356,0.002997564
-0.015397391,0.000755905,-0.027077092,-0.002384849,-0.010142612
-0.01543702,0.010712172,0.001517003,0.013790105,-0.015553585
0.005020164,0.013118842,0.022013318,-0.004285185,0.00580623
0.001744505,0.029843353,-0.007903557,0.00889679,-0.001115302
-0.016490093,-0.018331904,-0.017331256,-0.010294622,-0.010346095
-0.029633336,-0.011258623,0.006614469,-0.003281833,-0.030702133
0.005940258,-0.000467901,0.007210573,0.00291636,0.000912347
0.041063461,0.008758538,0.013713403,0.020757359,0.026959138
-0.038769312,0.002864895,-0.008949241,-0.003128005,-0.042538457
0.011212748,-0.009743317,-0.002742971,-0.002298522,0.005184166
-0.011274441,0.0026032,-0.018788006,-0.000590235,-0.007935153
-0.026763821,0.005958994,0.03490752,0.003652551,-0.029883735
0.052180834,0.011356642,0.054690104,0.001220513,0.050148245
0.013502025,-0.02872302,0.000985906,0.000921149,0.01754372
-0.027164143,-0.008382192,0.005955341,-0.017613899,-0.034239374
-0.032089528,0.020036126,0.021660885,-0.004074216,-0.02586736
0.00721953,-0.00041908,0.019179484,-0.004536536,0.010218368
0.028125046,0.009339101,-0.026781887,0.00367051,0.027196337
-0.015485833,-0.012312454,0.012744004,-0.00596155,-0.009569518
0.00862625,-0.001636499,0.011264863,0.010907321,0.007381127
-0.001531641,-0.012340162,-0.008143439,-0.003117914,-0.004418733
-0.016868785,-0.007186675,-0.022401258,-0.013804354,-0.011864703
-0.015342005,0.018077899,-0.008882804,-0.001768201,-0.014969088
0.023220735,0.000300188,0.047555577,0.005103374,0.025292668
-0.041698404,-0.000178191,0.017092085,0.003340919,-0.038487915
0.030459285,-0.009868979,-0.017322032,0.01055867,0.028882876
-0.000788565,-0.033092383,0.034548156,-0.006761331,0.006651725
-0.026689211,-0.018731249,-0.021702498,-0.007891016,-0.030069673
0.014747295,-0.010392861,0.014544757,-0.011746746,0.01165144
0.028405035,0.025965439,-0.007926887,-0.001529836,0.028605534
0.012326074,-0.020459374,0.00316692,0.007511856,0.010329242
0.022529269,-0.009944652,-0.043216966,-0.031063899,0.025380615
0.004327103,-0.021764623,0.043155961,0.008124756,0.001350343
0.010635447,-0.002972707,-0.011975512,0.009886466,0.004936921
0.026077025,-0.015413528,0.00480439,0.010723842,0.03518473
0.017044794,-0.002464252,0.00331204,0.010109363,0.021570491
0.008384154,-0.0000243,0.011656068,0.01452006,-0.002149898
-0.01775796,-0.018743832,-0.027363311,-0.019024156,-0.010830261
0.001389012,0.020580227,-0.031869572,-0.015749454,-0.003658188
-0.0000221,-0.011184797,0.006659796,-0.003958171,0.002297925
0.014385517,0.003391165,-0.005588231,-0.002668651,0.013132188
0.058256239,0.003627601,0.017225403,0.021026172,0.050268158
0.035313614,-0.021449257,0.005088827,-0.001242701,0.044993609
-0.034240581,0.016771309,-0.012307401,-0.004130023,-0.041653577
-0.008186975,0.031944759,-0.028005453,0.006056224,-0.015908508
0.026341105,0.006402564,0.024854766,-0.00806387,0.015713982
0.003337453,0.00306745,-0.016063096,-0.012881801,0.005652047
-0.003918557,-0.026447328,-0.017905029,-0.019376466,0.002550587
-0.051686611,-0.003569516,-0.014994331,-0.015158219,-0.042810746
0.046335377,0.022794416,0.003254664,0.011769704,0.034843244
0.055755142,0.048153669,0.013401813,0.009805072,0.040794123
-0.001653712,0.010258079,-0.021306006,0.000119058,-0.005501338
-0.017432621,-0.016659932,-0.020271417,0.002012158,-0.021854155
0.015865568,-0.009878713,-0.006561219,-0.009283779,0.021152101
0.020120678,-0.000340603,0.027739357,0.005810942,0.025550498
0.019990122,-0.002147153,-0.004599919,0.009618566,0.00702939
-0.01375002,-0.012088546,-0.046328992,-0.007069431,-0.01235697
-0.036546305,0.013730978,-0.000983181,0.006457628,-0.035407204
0.029885415,0.003267939,0.027569147,0.012614316,0.021976173
0.014105977,-0.029049102,0.027326364,0.008975549,0.008414725
0.009891875,-0.016661223,0.024009822,0.008519251,0.003839455
-0.004317509,0.002798734,-0.018032385,-0.001809122,-0.003158832
-0.007973087,0.012754649,0.004275085,0.004585087,-0.012513692
-0.041781228,-0.00450433,-0.010605066,0.00652212,-0.042812943
-0.049881335,0.005536294,-0.01585043,-0.00231582,-0.044930737
-0.004328951,-0.00453886,-0.019032102,-0.001574507,-0.007497743
0.010104025,0.00246345,-0.001293897,0.013775736,0.005308906
0.009013391,0.003709191,0.0051182,-0.006001947,0.010329316
0.003485516,-0.004615312,-0.011164561,0.002678326,0.003055449
-0.031382263,0.007184166,-0.017606288,-0.001641843,-0.020849789
0.0111576,0.019840833,0.002289591,0.012838125,0.003017738
-0.037792116,0.020385459,-0.012090852,-0.011947358,-0.037618198
-0.023994608,-0.004281928,-0.020180473,-0.009531078,-0.021397788
0.00480197,-0.005968687,-0.014390601,0.009536221,0.015495539
0.016588118,-0.024971429,0.014905967,0.016702814,0.012876634
-0.035231855,-0.021465234,-0.002363733,-0.00836843,-0.025577586
-0.015592997,0.033112228,-0.02990015,-0.006807433,-0.026320778
0.035403967,-0.002679045,-0.00946301,0.004041371,0.029140621
0.015891742,-0.011311013,0.002386111,-0.009084286,0.006141705
0.01809038,0.00737474,0.029949619,-0.000991106,0.005486082
-0.028915303,0.013350887,-0.031447969,-0.018098781,-0.025936063
0.0000113,0.01166111,0.002905209,-0.000201772,0.001384566
0.024855033,-0.008812733,0.023199888,0.010814783,0.0297662
-0.038154598,0.012851745,-0.010185318,-0.00954349,-0.038767859
-0.020112505,-0.020820703,0.007953579,0.006744904,-0.015959892
0.002695568,-0.023123706,-0.002493915,0.01311675,0.008363072
-0.021730104,-0.000220545,-0.012070101,-0.003251958,-0.015719464
0.011018783,0.007341855,-0.011678664,-0.004091911,0.013584674
0.009274748,0.021093605,0.025364567,0.01588453,-0.003523997
0.014016575,-0.022149824,-0.020276168,0.009908592,0.01264727
0.014458055,-0.016413061,0.054383598,0.014819195,0.019406496
0.026460104,-0.005465266,0.013607285,-0.002531248,0.018360473
-0.022255274,-0.000915835,-0.026409231,-0.002515528,-0.024598362
0.020355377,-0.017919825,0.034141526,0.006097123,0.02612398
0.024916321,0.026071133,0.00494667,0.013607599,0.020216342
0.012115682,-0.011086577,0.008056754,0.003616705,0.013128706
-0.036198735,-0.014612257,0.020682914,0.007025964,-0.026282566
-0.00174759,0.005219828,0.025860049,-0.000532601,-0.001046153
0.019769199,0.012039511,-0.000550217,-0.014077757,0.018419012
-0.028002176,0.00941386,-0.013406279,0.001368951,-0.029729221
-0.022504978,0.024202364,-0.015998695,-0.005579177,-0.023944207
0.008598641,0.02300656,-0.011224754,-0.011162098,-0.000469189
-0.005371646,-0.011684481,-0.016314939,0.014274416,-0.006110895
-0.003637036,-0.025202435,-0.001237916,-0.00894568,-0.00047747
-0.003275966,-0.005702447,0.029217539,0.015298929,-0.003009981
0.0000304,-0.019596949,0.026223823,-0.000693002,0.013842911
-0.020432869,-0.035254445,0.002784201,0.003238916,-0.012497485
0.007685764,-0.013450346,0.007846314,-0.001840416,0.010488031
0.031998958,-0.024016492,-0.006199928,0.009872851,0.044765152
-0.044847317,0.027881421,-0.036196332,-0.011352948,-0.052036539
-0.024892895,-0.02549265,0.012602617,0.008338382,-0.030736323
-0.000227375,0.026955383,-0.013729233,0.000173958,-0.006682836
-0.036768112,0.011174241,-0.023080582,-0.0184277,-0.026330857
-0.024029836,-0.002702313,-0.025133584,-0.004575619,-0.029990582
0.014467559,0.012056795,0.007579623,-0.003126737,0.02192406
-0.023677729,-0.01157992,-0.023100166,-0.00341958,-0.022101812
0.027419312,0.014511967,-0.001600147,0.008846003,0.0277122
-0.002154812,0.003542633,0.013446491,0.006038429,-0.007757728
-0.01395991,0.001017755,-0.004492424,-0.003680872,-0.017234243
-0.023303272,0.01282981,-0.012564042,0.001617617,-0.018442227
0.01724105,-0.009457042,0.023330159,-0.0000112,0.017721768
0.010688126,-0.010525352,-0.014823709,-0.005950548,0.011327378
0.009204412,0.011124767,0.025015393,0.010543563,0.000869809
-0.015195761,0.012069649,-0.028814573,-0.005487048,-0.016584489
0.023472225,0.003768541,-0.022664972,-0.000782433,0.019610705
-0.001199755,0.001570652,-0.049300902,-0.002626806,0.001498431
0.00081257,0.011874486,0.022858609,0.015429672,0.002151698
0.015408869,0.00168661,0.000196511,0.010790111,0.017153744
0.014327168,-0.003253102,0.007847356,-0.011810627,0.018447226
0.002138139,-0.020267066,-0.051368959,-0.008346009,0.002784899
0.009483737,-0.008280497,0.007774597,0.005387163,0.010928786
-0.020107744,0.011148481,-0.029252751,-0.003296691,-0.03123517
0.009362565,0.003434815,0.014600063,0.006745638,0.020536344
0.002748687,0.014572932,0.014274184,-0.003535243,0.001705937
0.020889968,0.005335089,-0.033843182,-0.0257739,0.029365182
-0.030385118,-0.009854566,-0.000138114,-0.005645232,-0.022692997
0.01742092,0.013447606,0.020919889,0.007224812,0.018559359
0.00641048,0.002810736,0.012525416,-0.005304564,0.007464935
0.029712388,-0.003846436,0.017594621,0.003263718,0.037253737
0.005479353,-0.005564294,0.000252228,0.014839693,-0.000159676
-0.007008477,-0.014014547,-0.01798545,-0.003764884,-0.009156279
0.005028465,0.010857942,-0.055849895,-0.009213562,0.00820581
-0.004502264,0.021557109,-0.002823675,-0.006619611,-0.00399234
-0.003474412,-0.015340215,-0.020726798,-0.006471221,0.004622353
-0.000296318,0.018899111,-0.013341744,-0.007992488,0.00840581
0.021925913,-0.001859961,-0.009759126,0.000627485,0.02994604
-0.015860813,0.001864035,-0.02641071,-0.022186244,-0.021426754
-0.022781089,-0.01307565,-0.004340412,0.006628846,-0.022705046
-0.016735015,-0.004488875,0.002272705,-0.01228963,-0.023795858
-0.030883422,-0.02300995,-0.005189389,-0.005681114,-0.023409536
0.047838401,-0.019302171,0.043139871,0.013255001,0.051387433
-0.016600695,0.000165333,0.013503296,0.014233452,-0.022869544
0.015363015,0.00436959,0.028509609,0.011669055,0.008004624
-0.024420429,-0.009950548,-0.005417744,-0.009282118,-0.01950792
-0.030655731,-0.002137926,0.031017704,0.001500263,-0.030914603
-0.03270267,-0.009773785,0.004683518,0.000541861,-0.033039168
-0.003405806,-0.001663908,-0.030958014,-0.001689943,-0.000349364
-0.015143162,0.003945753,0.009243786,0.005596597,-0.025003109
-0.005003656,0.003928811,-0.002999851,-0.004357587,0.001091977
-0.021419296,-0.005609544,0.011356583,0.005523355,-0.021700501
0.037220404,-0.007627615,-0.00863327,0.001979358,0.040659633
-0.01710641,0.010914883,-0.033398896,-0.015948901,-0.019755187
0.000296073,0.010416527,-0.012378133,-0.006188566,-0.003726133
0.023431726,-0.000126999,0.029608607,0.001655755,0.019408157
0.006335414,-0.003238211,0.010445779,0.009054077,-0.010950104
0.020546395,0.011339894,-0.015516011,-0.013939949,0.013010683
-0.01310056,-0.009242256,-0.010698017,-0.003000603,0.002357798
-0.0000931,0.003352508,-0.001067766,0.0090204,-0.007076062
0.029672621,-0.005450111,0.009290632,0.005855291,0.02724516
0.006404823,0.015375648,0.023555204,0.009896014,0.005114078
0.018323313,-0.017158538,-0.002457651,-0.000434956,0.011653907
-0.001406526,0.010806583,-0.043497395,-0.012360776,0.004211517
0.013173415,0.010843392,0.00578076,-0.00270906,0.007431301
0.007461975,-0.021040488,0.019075027,0.007542013,0.009192342
-0.013603445,-0.019163152,0.006193431,-0.007518372,-0.014045699
-0.025866,0.012127016,-0.044662833,-0.006960556,-0.031164866
0.011580567,-0.011818011,0.000825003,0.006733665,0.004998031
0.016894843,-0.001250374,0.028749006,0.003848467,0.018666793
-0.004526657,0.004408026,-0.000489911,-0.003050471,-0.006915594
-0.013908716,-0.016445661,0.006764215,0.006222398,-0.005297052
-0.03124273,0.023217769,-0.035125174,0.000529466,-0.042628121
-0.016778225,0.020161334,0.002187492,0.00620434,-0.014626048
0.0169295,-0.015403586,-0.000920195,0.000615838,0.020196063
-0.005308052,0.022651194,0.021425376,0.006865022,-0.002474313
-0.057350837,0.002567289,-0.061338369,-0.008098116,-0.049091328
0.035104305,0.003523532,0.007926229,0.009760476,0.033163466
0.02140859,0.016453613,0.003365095,0.005861787,0.027378019
0.031681716,0.007026448,0.028742105,0.004810662,0.026428144
-0.029229343,-0.006460824,-0.051208019,-0.01179035,-0.019231074
0.00597991,0.010520191,0.003262334,0.003181206,0.016138125
0.030568894,0.002971257,0.033883102,0.021392006,0.026134115
0.014159688,0.003575746,-0.033994954,-0.010638056,0.012604586
-0.009461481,-0.014326714,-0.01775137,-0.005961622,0.002197933
-0.003613829,0.01127962,0.016029751,-0.005757259,0.001178268
0.005038563,0.004758461,-0.000502685,0.003092707,0.003466722
0.009750473,-0.026237324,0.014020672,-0.002826864,0.01084318
0.004150664,0.017508268,-0.02370975,0.006786174,0.012626844
-0.023195762,0.005324057,0.02003004,0.010772107,-0.024102239
0.016696705,0.019570556,-0.023149148,-0.005131307,0.004121912
0.01741999,-0.012508083,0.011886111,-0.009100233,0.020559996
-0.020274907,-0.004762629,-0.014074673,-0.00934213,-0.02209576
-0.012958178,-0.006808855,-0.019447969,-0.007267289,-0.012736807
0.007162498,-0.007363808,-0.01710422,0.003837816,0.009287229
-0.007434952,0.011219359,0.0000155,-0.004795657,-0.023562526
0.016151914,-0.005341259,0.030629333,0.018694282,0.011170235
-0.004640552,0.005622341,-0.010406807,-0.00704942,-0.012115885
-0.00870943,-0.012453052,-0.007701771,-0.009904574,-0.002861129
-0.001980199,0.007001825,-0.007430563,0.006389033,-0.001153435
0.012233203,0.006528733,0.013461961,0.002108186,0.014328193
0.021360217,-0.00400642,-0.004897062,0.001190172,0.016374072
-0.050010905,-0.021370849,-0.029600514,-0.010771316,-0.047855154
0.00751575,0.007766257,-0.028166505,-0.000332756,0.006610063
0.001854939,0.00561847,0.006102972,0.000783568,0.004265135
0.052264921,-0.025184011,-0.009414087,-0.002465661,0.046977509
-0.004226984,0.002051807,0.034373701,0.008605836,-0.005183158
0.029640686,-0.011821257,0.011560448,0.024910057,0.027278895
-0.003795248,-0.0195313,-0.01442778,-0.010840956,0.001512898
-0.014628296,-0.018908182,0.014621784,0.003596768,-0.011337926
0.024370447,-0.001566857,0.038877264,-0.004353701,0.012172015
-0.016756333,0.014620511,-0.033936121,-0.005071478,-0.02341472
-0.010252882,-0.000429485,0.003258981,0.004575877,-0.013501948
-0.043395229,-0.005215724,-0.029806612,-0.02454906,-0.039397977
-0.003531681,0.005376797,-0.002483844,0.001617045,-0.004867765
-0.034444518,0.000969026,-0.055819266,-0.006019539,-0.035816912
-0.006503042,-0.003403767,-0.006758659,0.015351232,-0.011122582
-0.000645008,0.005433136,0.035144739,0.002801465,-0.007025469
-0.015841048,-0.022086125,-0.010854886,0.00932715,-0.012830311
0.050708685,-0.019375142,-0.004178002,0.005940987,0.052406091
0.015159986,0.001591304,0.001876149,0.010736401,0.012840006
-0.003264158,-0.000737747,-0.00498261,-0.009170582,-0.012091854
0.024023876,0.008623673,0.004745642,0.000888404,0.018370586
0.014776276,0.00767217,0.000354585,0.0000702,0.013780999
-0.009255327,0.001473885,-0.037982199,-0.008811982,-0.012635248
-0.031283304,0.004228384,0.014121888,-0.004512164,-0.03994102
0.009504314,-0.004737374,-0.00590408,0.016453324,0.008086463
0.033878334,0.011539372,-0.033315383,-0.009616566,0.025392214
-0.005051313,-0.000329923,-0.003913121,-0.002612016,-0.009811342
-0.010631606,-0.006630685,0.027532117,0.011993524,-0.008003244
-0.008187532,0.000255491,-0.01002712,-0.001137422,-0.017993394
-0.041884013,-0.001696017,-0.021994311,-0.008931201,-0.03191857
-0.025043983,-0.002380248,-0.014637859,-0.005776677,-0.021067128
-0.006183944,0.01516461,-0.018546103,-0.017900307,-0.010709212
-0.034818564,-0.001320862,-0.013119503,-0.005438005,-0.022347601
0.005378327,-0.000129545,0.011245509,0.0000399,0.000361004
0.050152212,-0.000757508,0.0102047,-0.001208566,0.062576823
0.006346013,-0.000752594,0.021738069,0.010908933,-0.005495107
-0.057913426,0.001366536,-0.007163391,-0.013722805,-0.055253331
0.002674339,0.01079703,-0.012481993,0.000862422,-0.002718438
-0.016370108,-0.0000701,-0.017250916,-0.021360451,-0.009779378
0.000956018,0.009042506,-0.015822968,-0.020098936,0.005435304
-0.022999885,-0.007456934,0.017113661,-0.011703843,-0.02099471
0.003331312,-0.008520885,0.03328307,0.010717516,0.013791949
0.002323614,0.005103544,0.003747248,0.001695758,0.006809546
-0.010660635,0.007520779,0.007475246,-0.006768195,-0.009433378
0.015252119,0.013535151,-0.02324786,-0.005250523,0.007920088
-0.038138784,-0.030585343,0.001821435,0.005866541,-0.032365706
0.043492123,-0.001516546,0.010869555,0.02179189,0.046986919
-0.017201966,0.008929361,-0.016728533,-0.011120159,-0.019450037
-0.002017091,-0.00249715,0.00080659,0.015595762,-0.00397014
0.009674083,0.008141579,0.00222863,0.007250499,0.008244355
0.012707707,0.020608878,-0.010313783,0.000825716,0.007229087
0.00806986,0.007598749,-0.014038313,0.003514431,0.007771531
0.009212912,0.004774646,-0.00454675,0.005165529,0.006490624
0.016053613,-0.032385185,0.008257903,-0.003418371,0.013358723
-0.023620745,-0.012149629,0.002124882,0.00999784,-0.025233952
-0.026413789,-0.004889426,-0.000968451,-0.010188901,-0.021575216
-0.026621692,0.012363667,-0.023044264,0.000296001,-0.029808635
0.027835689,-0.03323058,0.02363839,0.004154855,0.038927879
-0.004455908,0.002889421,-0.006972882,-0.013378588,0.003196128
0.025989272,-0.004275292,-0.001898245,-0.006002561,0.031720109
0.010329231,0.017224645,0.020210007,0.026476895,0.010160683
-0.012629021,-0.015721232,-0.017056203,-0.00266835,-0.018101396
-0.002772268,-0.04037194,0.016449174,0.002827921,-0.003364468
0.010582455,-0.005166857,-0.041110441,-0.01001762,0.005715764
-0.039781645,0.001823235,-0.018313332,-0.005317418,-0.038580149
0.017460512,0.023773573,-0.025701731,0.005883476,0.020478893
-0.048420988,0.029293917,-0.005489319,-0.003532018,-0.045421071
-0.030742692,-0.00175404,-0.011130847,0.005266428,-0.017134983
-0.027237136,-0.01814802,0.024261879,0.00086415,-0.022397865
-0.004105264,0.002846702,0.003332019,-0.007905481,0.004227949
0.005001299,-0.01154514,0.020011326,0.008213946,0.004458563
0.01965653,-0.002260447,0.026704375,0.004996479,0.012171984
-0.010426668,-0.004555834,0.008568066,-0.001117713,-0.012286973
-0.043736003,0.018001636,-0.013101136,-0.002265278,-0.053505588
0.009681624,0.019030895,-0.021252822,-0.003963139,0.012428137
0.038204715,0.005508645,0.039017759,0.014147956,0.035614323
0.018567368,-0.023751218,0.052607372,0.007951788,0.017836824
-0.024316063,-0.01586872,-0.011230629,0.009456273,-0.025667783
-0.008687863,-0.014775461,-0.021307906,-0.014175984,-0.003474555
-0.013967006,-0.007096486,-0.005400348,-0.007124199,-0.008760215
0.01070209,0.008495246,0.004064132,0.010370991,0.009161515
-0.013050763,-0.000392934,0.033913445,0.003192619,-0.011183992
0.01494526,-0.003083938,-0.003058062,0.013141125,0.010230159
0.054546952,-0.027276803,0.048675612,0.015452784,0.048352454
-0.016878841,-0.01479775,0.016075971,-0.003192834,-0.011770846
0.017979125,0.001467868,0.012985099,0.000895923,0.02667575
-0.01382019,0.040584132,-0.060710445,-0.013335221,-0.014699119
0.026930014,-0.004554032,0.018840648,0.023467219,0.028164726
-0.043915726,0.005721896,-0.013087353,0.015386583,-0.050850295
-0.003598699,0.011863466,0.018349081,0.01750006,-0.005810428
-0.012121139,0.008528166,0.014489016,0.002041779,-0.019639723
0.034896262,-0.028345032,0.035894018,0.017347025,0.036001671
-0.008346776,-0.016954841,0.031538319,0.006451714,-0.002710448
0.005512325,0.009021495,-0.025268968,0.00372178,-0.007438852
-0.019151844,0.020176288,-0.03113104,-0.020773107,-0.013455102
-0.022857554,-0.005605275,0.023838358,0.006168212,-0.025058897
0.016206272,-0.009066026,0.021973684,0.0166592,0.016231416
-0.01665475,-0.010780051,-0.007086076,-0.004216394,-0.023481261
0.00277391,0.006259235,0.006941365,-0.004775056,0.001834127
-0.016147299,0.012907006,-0.031569093,-0.016196446,-0.026245855
0.008072857,-0.016081287,0.004927411,0.009511051,0.007733595
-0.012084186,0.001861926,-0.005883352,-0.001626874,-0.01443989
-0.026470507,0.030715259,-0.02585686,-0.012974275,-0.034947537
-0.023598067,-0.00248188,-0.001711308,0.004705923,-0.029709155
0.036362737,0.025662759,0.017650707,0.003316517,0.033137042
-0.031953298,0.003760261,-0.045227621,-0.018367562,-0.025828306
-0.002238442,0.017440123,0.003047142,0.014026822,-0.001209379
0.014190357,0.009913607,-0.009521207,0.003063185,0.005370078
-0.019221878,-0.01903842,0.025548581,0.006773195,-0.013467029
0.002612719,-0.021150354,0.034573089,0.01301626,0.000427839
-0.012449852,0.001866707,0.006380052,-0.004892224,-0.023785429
0.005813236,0.021667304,-0.026244547,-0.020325042,0.001055452
0.023219781,0.007321277,0.029861525,0.005120702,0.012675242
0.000997522,-0.013824486,0.024816388,0.000331859,0.000246155
-0.022372566,0.008167159,-0.0366753,-0.017356174,-0.024184128
-0.014961771,-0.009964104,0.017123533,0.000314969,-0.005825566
0.001491668,-0.005701977,-0.014705088,0.017567435,0.00857083
-0.001525178,-0.001057765,0.042745825,0.007846321,0.004073562
-0.003376957,0.037724786,-0.009007728,-0.001559105,-0.007491658
0.034980491,0.001181046,-0.015341393,0.004079186,0.041917052
-0.028448967,-0.001019145,-0.001868342,-0.00488323,-0.028640367
-0.016767416,-0.026204342,0.011355653,-0.009203664,-0.011162328
0.005490247,-0.00000984,-0.007632595,-0.000175287,0.006327649
0.005602106,-0.003536024,-0.010616853,-0.001916775,0.0049129
-0.032249413,0.009161929,-0.023811707,-0.019004362,-0.024035778
-0.020790413,-0.000646185,-0.014401825,0.005222267,-0.017881902
-0.003308381,0.012291437,-0.009099058,0.016239906,0.000370772
-0.009148881,0.014433296,0.018108973,-0.011537426,-0.000953049
0.009245005,-0.006641902,0.022205135,0.007247827,0.013642037
-0.021834124,0.000492639,-0.012632484,-0.004331867,-0.021465398
0.005675715,-0.012878992,0.002150286,-0.000664391,0.01257976
0.015427886,-0.007226606,0.012875531,-0.002209161,0.018419739
-0.020043692,-0.012761259,-0.001774263,-0.010690957,-0.028694548
-0.003016388,0.027234528,-0.051232412,-0.006861352,-0.00234086
0.004584522,0.027543318,-0.008702126,-0.000248781,0.005585934
-0.008281407,0.004097746,0.003424379,0.003687004,-0.027639084
-0.015725426,0.006958202,-0.015658425,-0.001845476,-0.01862921
-0.018218722,0.001195967,-0.028100735,-0.009919012,-0.019632818
-0.026887281,-0.009988288,0.002869912,0.004404748,-0.018412253
-0.018781817,-0.007645517,-0.021790301,-0.004340462,-0.015932411
0.018308872,-0.01206513,0.030190811,0.001215413,0.027315738
-0.006810932,-0.017910687,0.025209609,0.012042394,-0.007592139
0.021910796,-0.015811559,-0.000427142,-0.004281214,0.010835453
-0.037097115,0.004991706,-0.024557443,-0.003645837,-0.03227102
0.009071726,-0.003777146,0.001592068,-0.002366839,0.007464007
-0.028656568,-0.029176241,0.025187923,0.008451769,-0.021503741
-0.006275255,0.0124344,-0.047608148,-0.013926048,-0.018352548
-0.011911773,0.025915623,0.002809049,0.008498928,-0.02060079
0.003806305,0.005561715,0.007571913,-0.005508903,0.011603574
0.010935598,0.013362292,-0.018001102,-0.010695258,0.012441969
0.015035205,0.011952745,-0.011224443,0.003673341,0.015036661
0.010139437,0.012397307,-0.023043165,-0.00488954,0.005650388
0.01269239,-0.001471999,0.012010422,-0.00158243,0.009972495
-0.05406671,-0.009252778,-0.029908357,-0.021799862,-0.050610721
0.034561813,0.004384377,0.022793038,0.008126129,0.0337325
-0.016534621,-0.00269957,-0.008974469,-0.017976513,-0.019737247
-0.042772975,-0.013972682,-0.040982742,-0.007793919,-0.044563979
-0.043328475,-0.006490203,-0.036633011,-0.004250833,-0.042437062
-0.008235991,0.003269152,-0.028762955,-0.01343393,-0.013501123
0.014989671,0.030334739,0.001215439,0.018577164,0.013509788
-0.020339299,-0.01285605,0.015806444,-0.00057328,-0.005063078
0.048377119,-0.015772166,0.01058915,0.02035211,0.044359624
-0.001874338,0.000657548,0.007399069,-0.008043695,-0.003767982
-0.003105737,0.009955198,0.050275419,0.007502237,-0.016260101
0.004807191,0.001321176,-0.005413062,-0.003720582,-0.008644667
-0.002870529,0.014391063,0.00000186,-0.002698496,-0.009779609
-0.004226935,-0.018017523,-0.014570666,0.003193744,0.000212304
0.019423854,0.002814712,0.027695497,0.005392912,0.024107816
0.000290704,0.010423196,0.019691395,-0.013341357,0.002186103
-0.003594516,-0.031024814,-0.00574499,0.000462384,-0.001912018
0.009897484,0.006745519,0.036407117,0.02679076,0.003104173
0.022700679,0.002042294,0.004152603,-0.000698819,0.018387653
-0.039230466,-0.023935078,0.003598337,0.005047595,-0.034298509
-0.019115543,0.009588725,0.024788372,0.010617784,-0.01928426
0.037458412,0.038347196,0.009073329,0.005824059,0.043178231
0.014304426,0.017916765,0.018063881,-0.001697243,0.013927883
0.001871529,0.006777498,0.007441454,0.01074047,-0.001296106
0.004759711,-0.00617196,-0.010274262,-0.008887235,0.014710859
0.033998668,-0.017853212,0.007934842,0.01071617,0.033489078
-0.012194408,0.011790133,0.006330678,0.007879313,-0.013494422
-0.011009791,0.008476787,0.007343071,-0.001337747,-0.009280913
-0.020615259,-0.002559725,-0.027238887,-0.017397646,-0.013593993
0.010485612,-0.005904626,-0.00000835,0.004625645,0.011860671
0.018283982,0.018910456,0.011812811,-0.000766901,0.018387074
-0.035181876,0.017561456,-0.002824362,-0.013699669,-0.04293495
0.048115924,-0.010780518,0.001245155,-0.00259219,0.038911395
-0.0000318,-0.010872399,-0.005019444,-0.005380704,-0.007574449
-0.029106315,-0.000422776,-0.028190514,-0.007704062,-0.033539824
-0.049082235,-0.020606611,0.001918024,-0.005456435,-0.033564642
-0.025204474,-0.004077422,0.033503897,0.007731528,-0.02157205
-0.006046872,0.00096609,-0.004392367,0.012638754,-0.004424566
-0.016236763,0.007639419,-0.047632027,-0.008831223,-0.015017358
0.001897788,0.015643692,0.000131353,0.021906482,-0.006123058
-0.039787993,-0.021000443,-0.000635222,-0.004618727,-0.034343887
0.020354005,-0.016005261,0.016373402,-0.009553168,0.027659761
0.015972964,-0.016626483,0.02272304,0.001331067,0.024901284
0.031990416,-0.003180125,0.0150149,0.00790418,0.037855789
0.004128337,-0.003986525,0.012336801,0.009618674,0.012236803
0.001355174,-0.005816996,-0.022566142,0.005060191,0.005912815
-0.013657886,-0.005917771,0.038075868,-0.002920147,-0.012834037
0.004711136,0.008145943,0.014322457,0.014145305,0.005423253
0.041083746,-0.009188565,0.014638932,0.000173609,0.026980089
-0.008109551,-0.001538818,0.018506393,0.011259921,-0.006431197
0.016698396,-0.03233362,0.041317821,0.006627176,0.022746092
-0.017039094,0.007478207,-0.00792578,0.001320449,-0.020680731
0.001440514,0.011926312,0.001053237,0.004123282,-0.001446704
0.005237665,0.003469317,-0.011067577,-0.008731055,0.001673548
-0.002188984,0.00861647,-0.016020779,-0.014406153,-0.01625031
0.022521503,-0.002327354,0.020399394,0.01374169,0.024405003
-0.009787531,-0.001049802,0.018682137,-0.004338495,-0.019556578
-0.007238338,0.001202902,-0.017335599,-0.009172842,-0.011971758
0.015459845,0.01216347,0.018187638,-0.001241994,0.014503623
0.008943787,0.001941114,0.0221036,0.001048641,0.006330652
-0.002898627,0.000313994,-0.014469925,-0.006081074,-0.006133119
0.01409284,0.012021942,0.00885612,0.009968638,0.014642978
-0.000869651,-0.003263808,0.050704755,0.000430336,0.005289143
-0.046794906,-0.033431794,-0.033604831,-0.013869558,-0.051375318
-0.018160557,-0.02003821,0.00109866,-0.006231162,-0.021172773
-0.00868132,-0.000286827,0.009574475,0.00477463,-0.019344019
-0.013888113,-0.00607007,-0.038857847,-0.010736027,-0.020449907
-0.004082337,-0.015481464,-0.004785813,-0.005191255,-0.002502576
-0.055195652,-0.043174524,0.011743797,-0.002036555,-0.045114521
0.017956803,-0.002986278,0.017853355,0.001717464,0.022018615
0.006657528,-0.000319287,0.009027872,0.000680954,0.003283075
-0.010665681,-0.042944167,-0.01175179,0.003284529,-0.008659743
-0.012720977,-0.00097975,-0.001224503,0.017819336,-0.010349007
-0.02553004,0.022954699,-0.014896429,0.000956357,-0.021525767
-0.006550994,-0.00026224,0.020529708,0.003217307,0.00351492
-0.00618233,0.011330187,-0.000782721,-0.001633431,-0.017790042
-0.026050307,0.002210302,-0.031638727,-0.008919102,-0.027093269
0.034246039,0.013305214,-0.017134819,0.008026865,0.030212661
-0.0236018,-0.015223503,0.013452483,-0.004548148,-0.020848904
-0.03000568,-0.008166293,-0.00091273,-0.003631204,-0.03213748
-0.004542339,0.022122044,-0.005894915,0.005076912,-0.000463407
-0.036461763,-0.00786694,-0.024770366,-0.007318006,-0.024080221
-0.004880477,0.017012151,0.007281614,0.007246906,-0.006184836
-0.00423766,0.008289416,-0.00153477,-0.003510596,-0.002435255
0.021295778,-0.011310252,0.013649045,-0.003381689,0.013100874
0.013622739,0.033943325,-0.010844663,0.003460983,0.001316836
0.06193386,0.01099677,0.026218908,-0.005339064,0.06481269
0.008349909,0.023732275,-0.004499527,-0.000802203,0.000960426
-0.007722166,-0.010439461,0.014993574,0.002733882,-0.014816621
-0.036717433,-0.015194369,-0.014453014,-0.013666058,-0.04017755
-0.01197928,-0.005490903,-0.002522595,0.020973409,-0.017731028
0.024856845,-0.00181475,-0.018100457,-0.003267154,0.026673209
-0.016782545,0.021624053,-0.010593363,-0.009281444,-0.021885177
-0.011335911,0.009326261,-0.029333141,-0.006065617,-0.007980816
-0.005714914,0.004537456,0.021599196,0.006350453,0.001056305
-0.018743912,0.011881143,0.02322066,0.00747349,-0.021942524
0.003828183,0.030888334,0.049037222,0.015945934,-0.006513494
-0.030650437,-0.011751529,0.00738962,0.000771349,-0.032505922
-0.027737483,-0.005258877,-0.006681967,-0.005114155,-0.029956045
-0.006653857,0.005679524,-0.007666503,-0.015475581,0.001558135
0.018784076,0.001907408,0.005847914,-0.006573715,0.017509853
0.008985376,0.006855389,0.006999549,-0.003187046,0.016216494
-0.012300452,-0.004126719,-0.004792586,0.000628412,0.001452135
0.024422346,-0.013515217,-0.018523421,0.002963587,0.022484144
-0.00938328,-0.026243372,0.008301974,-0.006826818,-0.007189694
0.037307385,-0.011710686,0.027723035,0.012252726,0.037329804
-0.031757656,-0.001399658,-0.020307388,-0.008397323,-0.021504026
0.007813819,-0.008259008,0.01932531,-0.004518203,0.011392463
-0.02042878,-0.023943337,-0.016639305,-0.002616832,-0.021697016
-0.041922498,0.007956623,-0.028121322,-0.006130234,-0.036411457
-0.018647891,0.003132298,0.023809444,0.014109031,-0.032329857
-0.012647415,0.020998742,-0.021372592,-0.012492671,-0.012362418
-0.002459846,-0.005806529,0.015073447,-0.007523635,-0.006210654
0.01200818,-0.015945023,0.003306782,-0.002739761,0.013807062
-0.026353223,0.026057012,0.00610924,0.001831074,-0.020018565
0.036590684,0.015997786,-0.004920837,-0.001265487,0.028322803
-0.006129535,0.012793863,-0.016968487,0.00466322,-0.008204274
0.002301181,0.00304053,0.0043087,0.008282023,-0.001440673
0.001081927,-0.006805477,-0.001178814,-0.004633231,8.35189E-05
0.007364558,0.010822169,0.021650452,0.020250475,0.006356843
0.007545098,-0.021509718,0.013842545,0.01684561,0.007599683
0.005390461,-0.001277543,0.024933491,0.006244494,0.005143001
-0.013272895,-0.024281757,-0.002898838,-0.008733182,-0.00906127
0.017750181,0.006878121,0.027946766,0.004874802,0.010328121
0.027618321,0.028673889,-0.004306888,0.018640779,0.017060325
0.006618267,-0.01778716,0.024655567,-0.004025499,0.009974292
0.004695994,0.011287369,-0.035196081,0.004251544,-0.008342679
0.022794541,-0.0083841,-0.017132357,-0.006142305,0.024890669
-0.034777589,0.0024794,-0.019363021,-0.020843435,-0.035562839
-0.006021569,-0.021553276,0.003111391,0.00595855,-0.006372751
0.001520205,0.023091136,0.002424357,0.011166955,-0.003302863
-0.006872712,0.001457582,-0.011647891,-0.004461497,-0.015890405
0.012223846,-0.002835863,-0.012186564,0.000741754,0.013785332
0.049037538,0.010025791,0.00235458,0.01016983,0.038005441
0.00257308,-0.003285095,0.032666601,0.010044252,0.00485759
-0.031137379,-0.005616231,0.004975956,-0.006976547,-0.024156624
0.011492705,0.005253239,-0.031340424,-0.006072519,0.013649099
0.006196698,0.009671796,-0.017539021,0.010928731,0.001806515
-0.00744458,-0.003156064,-0.001276865,0.006831625,-0.012862615
-0.012800246,0.010710687,-0.016615806,-0.005728113,-0.013106788
-0.008766213,0.019390531,0.001499777,0.00478219,-0.008103705
-0.033193614,-0.012198338,-0.068908714,-0.019225385,-0.024805715
0.00762802,-0.017633962,0.003359541,-0.002740536,0.01046802
-0.007503214,0.02176954,0.009722796,0.004271702,0.002974179
0.006077149,-0.004436193,0.012895593,-0.001663035,0.005155283
-0.035195429,0.054099452,-0.02326512,-0.003515553,-0.031494666
-0.011061337,-0.016940232,-0.003920093,0.004700043,-0.017279489
0.032256734,-0.014115954,-0.000516107,0.021430865,0.034560196
0.019513851,0.018660201,-0.023188258,0.0058911,0.019015461
0.024314679,-0.018054415,0.018794755,-0.003259983,0.02255304
-0.004880494,-0.003834351,0.004875977,-0.005053705,-0.013769528
0.022594031,0.013313296,0.028501809,-0.001504641,0.022315051
-0.032970808,-0.005715529,-0.030828582,-0.009086097,-0.030309075
0.002182928,0.004312847,0.037328463,0.004429879,0.000612334
0.033725861,0.02621728,0.000830051,-0.001724969,0.031934794
0.020038251,0.009525965,0.019765045,0.006498192,0.01331308
0.02086146,0.005976869,-0.002327965,0.007066578,0.011140748
-0.039782658,-0.000562774,0.021691283,0.009452045,-0.035984263
-0.032941509,-0.00533816,0.019976577,0.007060822,-0.030083688
-0.000988592,-0.014504248,0.028166754,0.002216933,0.005807096
-0.016322209,-0.005665178,-0.008268677,-0.005022466,-0.010120944
-0.005963118,-0.011392446,-0.045074061,-0.019079473,-0.000130463
-0.007582223,0.010366774,-0.001404619,0.002689957,-0.00659743
-0.000111933,-0.005877152,0.018446274,0.00280822,0.00274104
-0.010028915,-0.011936182,-0.029245405,-0.009900856,0.001976588
-0.017152548,-0.004244163,-0.044008624,-0.004706352,-0.018086344
0.021374183,-0.019927813,0.006404799,-0.005811319,0.018722618
0.008759034,-0.030416701,-0.007899328,-0.005802196,0.009831763
-0.025592294,-0.01535579,-0.022725996,-0.009687671,-0.023591463
0.042152107,0.006449999,-0.016041694,0.007171908,0.036587976
-0.002459381,0.033156611,-0.018888157,-0.005518536,-0.004064934
0.013132555,0.019388776,-0.012610667,0.007020581,0.012325423
-0.0369104,-0.003631723,-0.031577665,-0.01672435,-0.037624508
-0.007016635,-0.000995855,0.029484335,0.018853748,0.002134132
0.005452735,-0.017297193,-0.004413521,-0.010333271,0.014182417
0.016772734,-0.002900392,0.022073116,0.001341194,0.019682037
-0.022423338,0.00777445,0.003362424,-0.013503541,-0.021708187
0.050594613,-0.020250777,0.060891882,0.02624635,0.063471645
0.024704659,0.012776116,-0.018009961,0.017615106,0.02875419
-0.034056325,0.008196151,-0.013817117,-0.000429236,-0.022734964
0.006875335,0.003840643,-0.029618334,-0.008190675,0.001204785
0.002970511,0.008863097,0.007667604,0.00964683,0.004383059
0.03199004,-0.019512247,0.034500111,0.011014275,0.035484817
-0.021196354,0.013844429,0.00492553,0.00242585,-0.026758378
-0.034851886,0.002366088,-0.000531025,0.001169984,-0.036217861
0.001567627,0.007899521,0.003161292,0.006848053,0.002550677
0.00173916,0.004254501,-0.011825597,0.006043419,0.00444231
0.002352144,-0.009594108,0.003595969,-0.00912426,0.00706179
-0.039877016,-0.027178649,-0.015023808,0.002004109,-0.037291553
-0.033917256,0.018882133,-0.00513425,0.003235926,-0.039286632
-0.006654904,-0.026373578,0.007320453,-0.007565747,0.000930506
-0.097468108,0.002366842,-0.032013133,-0.025577968,-0.102595441
0.002317097,0.011609485,0.001974774,0.005038472,-0.000206993
0.06333968,0.011693819,-0.011331733,-0.004278752,0.069727287
-0.000960032,0.013960601,-0.0454068,-0.011342406,-0.001912002
-0.007368556,0.002894853,0.000586499,-0.004838192,-0.008472697
0.01876531,0.008101085,-0.013157776,-0.015938384,0.025178177
-0.015546934,0.003835473,-0.031594578,-0.000581246,-0.011628184
0.031004498,0.010853681,0.07388182,0.009701937,0.040143847
-0.015472613,0.00978961,-0.018302359,-0.000719769,-0.023385866
-0.01052758,-0.016990637,0.002663598,-0.010726189,-0.011630164
-0.011076468,-0.012301011,0.016114589,-0.015057363,0.001718989
0.007764922,0.004174142,0.029987095,0.008517267,0.009454046
0.011933859,0.003939322,0.017694257,0.002769837,0.019849554
0.010087454,-0.019183662,0.014501288,-0.010009687,0.011633472
0.006015957,-0.000258611,-0.008829834,-0.010726356,-0.008713124
0.002847568,-0.002453524,0.009248423,-0.000973381,0.005389011
0.012161078,0.018665614,-0.007082381,0.001368492,0.013912351
-0.048860252,0.003653207,-0.022053942,-0.016123261,-0.047602698
-0.03702841,0.029433504,-0.007889238,-0.001423845,-0.033881743
0.044612195,0.011560392,0.020758769,0.032114431,0.040503968
0.003827291,0.006379246,0.004976372,-0.001762092,-0.001718918
0.018847888,0.001696877,0.01421226,0.014738335,0.011720097
0.026199557,0.045615952,0.004656842,0.005588164,0.014641815
0.016630063,-0.014073403,-0.004503628,0.003971885,0.013383549
0.009430598,-0.018597733,0.005162508,0.010804659,0.005472284
-0.050617475,0.027759608,-0.040520914,-0.013552346,-0.057517905
0.013720555,-0.011921725,0.028639238,-0.003828475,0.021394132
0.021915318,-0.01922475,-0.024970375,-0.015452887,0.028182417
-0.038578346,-0.018609134,-0.01548664,0.007929673,-0.032181986
0.022851251,0.006091677,0.01402007,0.005519975,0.008547337
-0.01825244,-0.012415192,0.010690008,0.016966168,-0.022291079
0.009871087,0.007358173,-0.003437081,-0.006188296,0.002629603
-0.01247084,-0.022008818,0.009212938,-0.017855257,-0.010402598
0.00331675,0.019589271,0.01373327,0.003381499,-0.0026309
-0.056579687,-0.022142492,-0.020104984,-0.009797604,-0.042028263
-0.002332134,0.028178152,-0.024452265,0.007094264,0.002412752
0.005778814,-0.00787818,0.010918681,-0.000441474,0.006028337
-0.00993064,-0.020367581,0.013915139,0.001434834,-0.004927137
-0.005928833,-0.015659126,0.034363274,0.002322317,-0.008212718
0.01662508,0.007697538,0.016985856,0.004168693,0.022348126
0.010299148,0.009842962,0.009220673,-0.003557121,0.000197936
0.016052902,-0.01389358,0.028943555,-0.005957382,0.007966467
-0.011546286,-0.013370855,0.004423402,0.011391437,-0.021905541
-0.023390641,-0.011641104,0.004604646,-0.00371954,-0.019443223
-0.000568164,-0.002131335,-0.010258612,0.005223395,-0.003490141
0.036985904,-0.00857449,0.008607491,0.009348629,0.035435654
0.030588787,0.008977772,0.002443642,0.00499085,0.022800511
-0.047553528,0.009007304,-0.013456159,-0.003067043,-0.046164364
-0.003009144,0.016987704,0.003316825,0.000755595,-0.00198398
0.004367405,-0.012569044,0.010952882,0.012589169,0.008166497
0.009669666,0.019664271,0.012852732,0.00281681,0.005365701
-0.020920791,0.01352151,-0.025924033,-0.002963824,-0.020528907
-0.020795334,-0.035777718,0.001901298,0.008505997,-0.003227995
-0.033555873,-0.009777083,-0.006390682,-0.012865127,-0.029950954
0.011362627,0.007456115,0.01993762,0.018115858,0.011392609
0.029238772,-0.000486072,-0.008355146,0.012569879,0.040373575
0.008097358,-0.006032208,0.024610216,-0.003134311,0.014787527
-0.00034028,-0.001721449,-0.009555997,-0.012890783,0.005880434
-0.013151973,-0.006458812,0.018538443,-0.002472928,0.001008906
-0.021675279,-0.008845404,-0.012533282,-0.005509716,-0.01360064
-0.010881361,0.002357401,0.040389046,0.008834772,-0.002003306
0.009709507,0.010650578,-0.028692434,-0.010450516,0.002245452
0.006754126,-0.020683108,0.038019177,0.003949817,0.009144452
-0.008791854,-0.043330565,0.01065288,0.006842531,0.007116124
-0.004451121,0.009167063,-0.008192809,-0.001022134,-0.006697434
0.002492685,0.014481921,0.019678984,0.003182665,0.00623182
0.01181673,-0.010139839,0.00524891,0.001667024,0.022330629
0.015538905,0.015822362,0.006578403,-0.000601738,0.015752891
0.030542348,-0.014415007,0.020250848,0.004568893,0.024799159
-0.061809104,-0.01851356,-0.043971784,-0.010077806,-0.05919582
0.005527203,0.012146424,0.017988261,0.007835706,0.003417097
0.023330428,-0.000350416,0.011367361,-0.000716491,0.022230266
-0.038542125,-0.008171177,-0.014112889,0.000407743,-0.035188701
0.041085567,-0.012982266,-0.008816358,-0.011883386,0.045008436
0.029461093,-0.001280583,0.013704261,0.001520196,0.024657611
0.010193177,-0.017697545,-0.031345557,0.007359433,0.014456623
0.012448467,-0.012368578,0.025274573,0.001099067,0.015269719
0.003489856,-0.024848731,-0.004169192,0.015601546,0.008027304
-0.021512482,0.019014582,-0.035916667,-0.000972886,-0.025982134
-0.011837394,0.001777534,0.02724644,0.013527874,-0.011963765
0.005286842,0.003926069,-0.003224676,0.010681157,0.009151302
-0.010768349,-0.010152115,-0.026282286,-0.017998483,-0.003230654
0.02695662,-0.010969998,0.037005831,0.010435624,0.026828529
0.038732044,-0.03220576,0.024732254,0.00555085,0.042176481
-0.022370035,0.01733157,0.00174087,0.012187184,-0.022988625
-0.021553617,-0.028235871,0.004486078,-0.006484763,-0.016768485
-0.001129023,0.001241317,0.00193624,-0.000648062,-0.002883694
0.000429526,-0.002012231,0.016515113,0.011176401,0.004078297
-0.012986595,0.004392419,-0.033916045,-0.003477998,-0.012286548
0.018053344,0.020523064,0.006812223,0.009884212,0.008542987
0.030231008,0.000869295,-0.00530884,-0.005555871,0.025947925
0.016348131,0.010694137,-0.004131572,-0.005058837,0.019850569
0.009680278,-0.010805447,0.017401585,0.008683621,0.008029407
-0.019612879,0.006761219,-0.011143135,-0.016156819,-0.025032744
0.02071524,0.000701201,0.000979475,0.003773404,0.025018129
-0.012775499,-0.009335425,-0.019680696,-0.007841819,0.00419423
-0.009040157,-0.003456259,-0.000277232,-0.010955148,-0.010035262
0.023979556,0.013339446,-0.010618499,0.01270633,0.020897005
-0.000284364,-0.002693755,0.010882542,0.014634825,0.004268039
-0.001157455,-0.020536933,0.005824193,0.008486978,-0.000478233
0.007712502,0.026492476,-0.01621446,-0.002012765,-0.002989379
0.007234605,-0.014966288,0.00260918,-0.001656017,0.011937102
0.003605361,0.010233406,-0.017326716,-0.001760505,0.002939411
-0.008770963,0.003572251,-0.005566301,0.007285965,-0.007074131
-0.02935184,0.006039174,0.001586413,0.005383446,-0.019291323
0.013509504,0.012087785,-0.004818562,0.016279859,0.011638986
-0.013347284,-0.012450175,0.008212138,0.004285352,-0.011220253
0.01142011,-0.024952751,0.026077183,-0.000758521,0.011832017
-0.025999095,-0.004973922,0.007177332,-0.010036211,-0.027937155
0.014094111,0.018037461,-0.01571996,-0.011559281,0.008380651
0.026727445,0.006549036,0.033151325,0.000167475,0.025597256
0.005625578,0.012745276,0.017605131,0.008633132,0.00649192
0.011292259,0.000955286,0.025793985,0.006971164,0.007888546
0.008409319,0.003107417,-0.014960066,-0.002495976,0.010691435
0.021608997,0.029124942,0.018850166,0.007843232,0.030849863
-0.008992567,0.003838901,0.023267305,0.007778879,-0.012944934
0.009436627,-0.002846341,0.025563169,0.004978072,0.006561311
-0.006603177,0.029233843,-0.026695171,0.008127775,-0.011095113
0.012873081,-0.033610027,-0.049701978,-0.011595074,0.01715539
0.006951866,-0.013900246,-0.009629983,0.001811005,0.009619837
-0.005077656,0.00808162,-0.029432509,-0.006148086,-0.011012837
0.004139349,0.001073463,0.018255731,-0.007445109,0.003295375
0.046674088,0.00176288,-0.005637202,0.009044806,0.054765265
-0.004965167,-0.010392608,0.037742823,0.001987345,-0.006287264
0.004278433,-0.003501664,-0.013705026,-0.014384167,0.010844381
-0.001974184,-0.009527724,0.01196128,0.01279563,0.00259748
-0.024150312,-0.008072583,-0.014802547,-0.018118368,-0.021450127
-0.011667488,-0.013602265,0.003679368,-0.008795628,-0.007160687
0.020283474,0.001779665,-0.000878448,-0.000710948,0.025938783
0.018345015,-0.025349291,0.031039674,-0.000239336,0.021474702
-0.051678065,-0.010499245,-0.051588606,-0.012586341,-0.047864478
0.035945348,0.001674221,0.016017031,0.001448425,0.036254629
-0.037022028,-0.011027437,0.017369503,-0.008677581,-0.025690341
-0.014472339,0.003118201,0.014394079,-0.007671318,-0.016550334
0.01888823,-0.000512917,0.024675189,0.000376738,0.015721548
-0.022642504,-0.009451326,-0.002516508,0.007704416,-0.026497101
0.024400732,-0.0000164,0.023398085,0.014573278,0.029320974
0.009947913,0.011302378,-0.014436129,0.007855318,0.012961892
0.017193716,-0.000462903,-0.029269325,-0.011295268,0.027018677
-0.033970553,0.02417868,-0.015971739,-0.002495625,-0.030397275
-0.015808029,0.007477108,-0.007835475,-0.000307386,-0.010806693
0.012036131,0.013588256,0.007141921,0.000203866,0.006957205
0.045066483,-0.005088556,-0.016393986,0.010889262,0.039649855
0.000169401,0.008546183,-0.019361135,-0.008018884,-0.00135622
0.05094159,0.010232043,0.015767552,0.009868156,0.046618704
0.003411403,0.005004521,0.012523418,0.00096125,0.003109082
-0.012062496,-0.010167749,-0.001497434,0.001846496,-0.016987443
0.013401438,0.001870648,0.023317916,0.001996479,0.007153469
-0.00736941,-0.001996948,-0.021938611,0.001950128,-0.004331199
0.006143727,-0.002991681,0.02414888,0.015362261,0.006890373
-0.037475232,-0.015352598,0.014635011,-0.000979471,-0.037558697
0.0078308,0.009293348,-0.008088494,0.000111117,0.008186352
0.010294512,-0.038660076,0.019109145,0.001073532,0.009552049
-0.00502468,0.005506555,-0.038537271,-0.01098106,-0.010253808
-0.043823633,0.011411618,-0.016925853,-0.011581186,-0.041156404
-0.047053799,0.038832534,-0.011862854,-0.003169523,-0.048068937
-0.033253815,-0.007545616,-0.026273511,-0.011288346,-0.032792505
-0.038515646,-0.011198116,-0.006426502,-0.01083889,-0.035854373
,,,,EMBEDDING ENDS
